,testing
rmse,0.07519864052049934
