,testing
mape,33.53401366055927
